1
2
3
4
5
6
7
8
9
10
11
12
13
14
15
16
17
18
19
20
21
22
23
24
25
26
27
28
29
30
31
32
33
34
35
36
37
38
39
40
41
42
43
44
45
46
47
48
50
51
52
53
54
55
56
57
58
59
60
61
62
63
77
78
79
80
81
82
83
84
85
86
87
88
89
90
91
92
93
94
95
97
99
100
101
102
103
104
105
106
107
108
109
110
111
112
113
114
145
153
154
155
156
157
158
172
176
177
178
179
180
181
183
186
191
192
193
194
195
196
197
202
203
204
205
206
207
208
209
210
211
212
213
214
215
216
217
218
219
220
221
222
223
224
231
233
234
235
236
237
238
239
243
247
248
252
253
254
255
256
257
261
262
263
264
265
266
267
268
269
298
299
300
301
316
317
318
319
321
326
327
328
329
339
340
341
342
343
354
355
356
357
358
359
367
368
369
374
375
376
377
378
379
381
382
387
388
389
390
391
392
393
394
396
397
400
401
402
403
404
405
406
407
409
411
413
419
421
423
424
426
428
429
431
433
434
447
448
449
450
451
452
453
454
455
456
457
458
459
460
461
464
465
466
467
468
469
470
471
472
473
474
475
492
493
494
495
496
498
500
501
503
504
505
506
507
508
509
510
523
524
525
526
527
532
533
534
535
536
537
538
539
540
541
542
543
548
549
550
551
552
553
554
555
556
557
558
559
560
561
562
563
578
579
580
581
582
583
584
585
586
587
588
589
590
591
592
593
594
595
596
597
598
599
600
601
602
603
604
605
606
607
608
609
610
611
612
627
628
631
648
649
650
651
652
653
654
655
656
657
670
671
672
673
674
675
676
677
690
691
692
693
694
695
696
697
698
699
700
706
707
708
709
710
711
712
713
729
735
736
737
738
739
740
741
742
743
744
747
753
754
755
756
757
758
759
760
777
778
779
780
781
782
783
784
785
786
787
788
789
790
791
792
793
794
795
796
797
798
799
800
801
802
803
804
805
806
807
808
809
810
811
812
813
814
815
816
817
857
858
859
860
861
862
863
864
865
866
867
868
869
870
871
904
905
906
913
914
915
916
917
921
922
923
928
929
930
931
932
933
934
935
936
937
943
944
945
946
947
948
949
950
951
952
953
954
955
956
957
958
959
960
961
962
963
981
982
983
984
985
986
987
988
989
990
991
992
993
1005
1007
1008
1009
1010
1011
1012
1013
1014
1015
1016
1017
1018
1019
1020
1021
1028
1029
1030
1031
1042
1043
1044
1045
1046
1047
1048
1049
1054
1055
1056
1057
1058
1059
1060
1061
1062
1063
1064
1065
1066
1067
1068
1069
1070
1071
1072
1073
1074
1075
1085
1088
1090
1091
1092
1093
1095
1098
1099
1100
1101
1102
1103
1108
1109
1110
1111
1112
1115
1128
1130
1131
1132
1133
1134
1135
1136
1137
1138
1146
1147
1148
1149
1150
1151
1152
1153
1154
1155
1156
1158
1159
1160
1161
1162
1163
1164
1165
1166
1167
1168
1169
1170
1171
1172
1176
1177
1186
1187
1189
1190
1191
1193
1194
1195
1207
1208
1209
1213
1214
1215
1218
1223
1224
1225
1226
1227
1228
1235
1236
1237
1238
1239
1240
1241
1247
1248
1249
1250
1251
1252
1253
1254
1255
1256
1257
1258
1259
1260
1261
1262
1263
1264
1265
1266
1267
1268
1269
1270
1271
1272
1273
1274
1275
1276
1277
1278
1279
1280
1281
1282
1283
1284
1285
1286
1287
1288
1289
1290
1291
1292
1293
1294
1298
1299
1300
1301
1302
1303
1304
1313
1314
1315
1316
1317
1318
1325
1326
1327
1328
1329
1330
1331
1332
1341
1342
1343
1344
1345
1346
1347
1351
1352
1353
1354
1355
1363
1364
1365
1366
1367
1371
1372
1373
1374
1382
1383
1384
1385
1386
1392
1393
1394
1395
1396
1397
1398
1412
1413
1414
1415
1426
1427
1428
1429
1430
1431
1432
1433
1434
1435
1436
1437
1439
1440
1441
1442
1443
1444
1445
1446
1463
1464
1465
1466
1467
1468
1475
1476
1477
1478
1479
1480
1487
1488
1489
1490
1491
1492
1493
1494
1506
1507
1508
1509
1517
1521
1522
1523
1524
1525
1526
1527
1528
1529
1530
1531
1532
1533
1534
1538
1539
1540
1541
1542
1543
1544
1545
1550
1551
1552
1553
1554
1564
1565
1566
1567
1568
1569
1577
1578
1579
1580
1581
1582
1585
1592
1593
1594
1595
1596
1602
1603
1604
1605
1606
1607
