1
2
3
4
5
6
7
8
9
10
11
12
13
14
15
16
17
18
19
20
21
22
23
24
25
26
27
28
29
30
31
32
33
34
35
36
37
38
39
40
41
42
43
44
45
46
47
48
50
51
52
53
54
55
56
57
58
59
60
61
62
63
77
78
79
80
81
82
83
84
85
86
87
88
89
90
91
92
93
94
95
97
99
100
101
102
103
104
105
106
107
108
109
110
111
112
113
114
145
153
154
155
156
157
158
172
176
177
178
179
180
181
183
186
191
192
193
194
195
196
197
202
203
204
205
206
207
208
209
210
211
212
213
214
215
216
217
218
219
220
221
222
223
224
231
233
234
235
236
237
238
239
243
247
248
252
253
254
255
256
257
261
262
263
264
265
266
267
268
269
298
299
300
301
316
317
318
319
321